541 880 363 24 55 11 24 0
880 2007 1496 363 48 22 22 24
363 1496 2223 1452 363 24 22 11
24 363 1452 2325 1584 363 48 55
55 48 363 1584 2325 1452 363 24
11 22 24 363 1452 2223 1496 363
24 22 22 48 363 1496 2007 880
0 24 11 55 24 363 880 541