2548 1628 363 60 55 55 60 363 1628
1628 2548 1628 363 60 55 55 60 363
363 1628 2483 1562 363 42 22 55 60
60 363 1562 2476 1628 363 42 55 55
55 60 363 1628 2548 1628 363 60 55
55 55 42 363 1628 2476 1562 363 60
60 55 22 42 363 1562 2483 1628 363
363 60 55 55 60 363 1628 2548 1628
1628 363 60 55 55 60 363 1628 2548